53857
94867
82317
45564
54665
18566
19131
75083
34549
25208
81673
27435
99396
87245
40960
95328
34515
53679
91921
11611
71271
35186
7027
92622
37146
20357
14923
31162
41205
68458
66207
81914
8958
39041
35497
60844
65448
58312
71130
32974
97936
34169
21275
59259
70799
63429
28407
91360
88087
66323
90675
25607
10469
65727
77899
99539
22686
98422
29034
52885
39394
53838
84640
6443
72516
10863
51778
35317
27035
82474
24471
21109
27875
58756
87734
12763
71744
101
34729
47413
31772
39940
18344
82012
82319
61271
29734
45378
14955
63023
509
71718
68374
70241
33424
30578
61141
55302
53942
46788
33911
69595
92497
42564
70147
11597
74920
48810
2493
72090
99505
19017
26100
46706
69095
53586
77213
51306
82554
74896
22493
26331
63110
59850
31790
68179
65876
28518
60437
82110
73729
13998
71193
71050
57949
65663
7149
27477
27450
23259
84977
53021
34370
30197
45181
40273
87969
36966
46138
46061
3595
39934
76940
85461
86799
92563
49766
41506
14016
27838
75442
59770
82194
49292
99891
33317
86157
16432
47839
60662
82890
82606
94007
42333
19080
33825
34552
34979
62888
89223
24271
35507
9151
39562
4086
37629
51731
48822
4585
94263
6519
22743
70526
94582
93472
5099
7854
24908
4035
21328
82631
95504
82487
87808
99534
55866
36628
4188
76228
93779
78431
86899
55295
65119
55765
3016
13297
46279
13091
93106
8810
33727
65534
7566
82981
60330
29750
55916
39222
53553
37649
82521
13858
24047
34158
26743
66839
91682
87402
36032
58112
96488
82540
94426
45799
48301
47978
41589
12968
75608
16757
81159
67331
97314
31760
25454
75082
5388
2157
49293
62202
35361
56737
24837
38710
38769
53466
71111
97086
72034
59023
94845
85864
19988
35313
93717
72061
5148
76409
78645
83047
80620
9899
51712
37807
75543
4899
91173
20425
48990
45691
82035
28497
97937
81269
83329
704
71560
6746
64200
88216
30530
25658
79683
23677
77141
23712
89394
50418
62118
9005
31547
79558
38942
96718
41645
32505
30592
46472
66960
71598
78911
97793
83866
18855
28277
84098
56430
88221
78362
48012
87624
59853
82725
3330
40983
61422
82588
6090
20520
51993
82381
29192
18204
77917
244
79543
36728
2242
22503
93783
68924
2956
89078
79007
50063
27148
46386
87176
12587
44399
223
29649
84754
21292
38081
4461
80738
13269
99832
65369
71803
74262
73092
80538
19426
69159
79400
86555
89770
73233
86337
17934
84065
70346
32882
79150
31520
16373
24163
56535
38808
51392
52587
7316
1169
69967
48115
94663
47268
71224
8250
2371
84166
64070
61240
17708
2093
87249
94203
79099
80212
84100
82900
71260
95760
12921
37812
13566
59711
37899
36949
25309
75364
61562
50862
4829
30086
16611
38846
48198
73422
36247
16965
4727
40989
66671
5779
39917
75886
37499
11645
21171
3687
57687
37317
80840
19938
7325
38273
64507
13140
42083
13384
10543
6818
48436
96113
79524
12929
69684
27811
74882
1121
1433
77557
34368
1205
45752
94356
33510
80817
69138
39062
54529
57809
45489
18138
45973
83490
80929
91059
6134
64854
16017
76150
99060
15626
82658
25959
41591
57604
41545
25144
4692
3718
99750
20467
77842
38242
79170
18172
84338
94899
9860
19159
87825
40226
67994
173
53923
97116
41044
91133
57527
60013
47833
96306
12795
5247
80143
39654
39752
1360
78545
82465
90704
25083
84204
2639
9514
47661
8759
45138
24682
12614
79215
10406
94896
23435
38614
35159
53681
53628
21542
53480
57081
8473
17422
15793
50941
27026
70502
38999
32564
57719
54693
54209
91629
19030
59291
99277
9170
92335
31686
60622
98303
81606
41042
35992
29632
23335
7564
76811
16547
48890
5334
87078
33913
42182
83058
53762
35584
81304
45481
32951
2899
95668
23396
45361
34795
43879
86102
61251
30017
21427
31910
63465
46415
93182
74226
89987
62243
66640
40184
854
85131
12185
21970
71102
6234
55794
69312
35922
21502
21137
20027
25589
31438
55569
653
22573
34272
66078
58155
69979
81845
81888
10349
89400
45617
13351
40903
1259
51449
4902
53926
65671
47472
70440
30598
65995
11900
36435
96002
6833
99650
46959
16086
94686
29732
207
46207
15657
23112
1920
69277
57474
16566
95159
44762
74214
31549
98964
362
25899
99403
75212
32267
50232
65705
90901
25122
45184
70573
98327
91450
615
35546
65753
13284
22482
89417
16583
82443
52411
86672
46454
72644
13124
15557
24724
15329
67580
18728
20507
88794
36468
39240
44347
99807
65737
34765
23094
35279
70365
3299
24278
16280
3848
70779
67461
96296
51338
64560
15436
65402
20859
93246
74824
69575
73978
13844
14407
83168
58446
13639
73021
87181
2728
85958
27498
85017
38470
99619
89
73441
91755
6172
24580
72832
17226
86961
93542
19200
43364
93669
27037
68701
83365
67110
68861
7871
52980
67476
44228
49859
49398
72479
96557
20610
11044
87720
96419
41017
23432
42973
56635
98934
58015
60850
76832
18987
14433
72717
32268
13247
67909
57358
75010
73782
61104
3666
63349
11370
86032
71338
27742
96242
97313
97123
84596
76236
23971
70795
96016
20236
8792
22441
62907
31459
57702
35306
29717
5272
41013
36441
94267
81267
94110
54980
23006
31734
9720
38581
80574
32998
91684
732
93594
90756
66316
35579
25945
12282
17608
69809
16181
85463
90804
3610
42959
95738
86577
32121
14937
35163
95231
9258
71401
65678
14785
59802
65741
77669
80864
79205
91866
82939
85327
89107
68383
42195
24200
50318
60016
58062
98005
44212
9055
88567
66865
13370
31455
58255
72532
12147
97110
42714
31304
69434
93460
44403
59889
34280
62906
70623
80346
91836
11661
59776
86686
4906
51735
70028
34026
5419
75804
4451
65384
23641
81043
9828
80582
86505
2555
80138
62848
69959
54869
82932
72296
91549
69725
55746
94604
24942
11250
61213
85529
28724
2031
51910
36427
84653
31631
11214
93294
8118
212
38760
94743
51994
85166
89946
6561
12811
27982
69610
26497
41565
99289
28389
58729
10756
68196
47922
36023
39911
61351
52929
10837
25482
23642
1632
88510
65724
28701
32604
66943
25383
33184
6669
39006
4464
69754
58089
27258
42010
12897
78057
41874
98885
75320
92706
31344
68807
99721
70843
92727
17617
32760
66688
31145
60933
24124
85214
10726
6743
81164
47942
15036
71110
17611
52355
27065
75040
97458
24589
32859
9017
43061
98593
19700
81300
35316
6911
9163
19899
17166
74552
4977
13755
94882
83037
16389
35114
46627
6863
11753
39961
43371
69080
98155
58441
81692
90562
31738
80059
65735
21319
43438
11807
32993
47650
13101
74336
69988
507
76543
11545
25936
80558
69652
78990
12738
60344
72484
74622
44193
22851
63787
46026
582
12123
47420
41127
87596
48127
23972
25404
83521
43991
92346
8999
98788
29510
4050
75402
17394
33897
49367
28004
1666
64377
76303
67230
71424
34253
89156
3010
3112
7910
53283
88126
31941
40772
17281
43936
47431
78303
29312
2867
9137
2148
18212
27803
12397
77163
6974
60322
62177
12681
334
60313
76896
30472
64825
22696
81020
26958
12012
35311
24303
66801
16660
34112
47865
65755
16705
37838
92411
32759
98119
84760
84535
33817
88600
93814
21958
72366
10966
78964
73589
32020
34462
14182
84551
53210
65227
60101
83889
17824
46042
37105
57703
42975
75179
58749
67193
38179
29747
79144
24414
69803
67328
48614
31835
19684
58785
74416
2603
87202
45739
16068
4268
73405
10941
55106
36429
67123
60169
44440
74553
4738
61048
42457
79728
18164
25761
94379
98965
15559
1658
44653
92726
13562
94402
90419
51076
9918
54778
96734
54690
15444
79247
81275
82264
65763
21742
96014
95472
4824
76357
38389
21015
32642
83373
35809
53625
97447
49932
59400
76508
4018
39718
22770
25347
55021
554
13488
39835
92863
32395
48006
98415
81771
23448
25452
54489
44329
8430
87438
17369
72911
90110
23588
13321
1485
62334
39713
25998
51084
79522
88339
17896
44523
84043
89262
15912
37815
68954
5000
35327
50601
85696
92153
61665
9350
99485
93510
8158
59145
65507
9358
83554
76271
97987
40655
77652
51006
53683
85881
46851
87264
49709
17053
36939
99569
96318
82061
46450
22214
55770
90089
25437
53594
87687
6733
27121
47250
46914
17680
84243
52636
89222
43121
19331
51049
78176
10288
23615
76111
48445
45426
47510
33475
84947
10012
39372
18603
68531
46886
82897
28464
67299
31216
60983
14908
27796
36639
65459
30260
79105
76957
77411
84172
36822
98168
25414
63880
4756
35899
43311
54862
45224
25350
22469
74877
20648
42327
2813
76685
7908
39814
75336
88054
16340
96690
99850
22044
8285
96795
8887
73745
16147
83027
2479
20474
36835
64188
94988
5136
98129
98089
43826
96895
49071
68617
72952
5332
64463
72508
62594
95609
95391
78580
12712
93831
27420
32463
12469
72851
35390
73087
80814
41303
28825
74260
33316
54867
20531
18547
24957
80821
78199
35250
91437
83896
22824
57960
21614
54188
64573
50299
87609
40449
82027
58088
40757
80244
73375
91229
72568
6716
78383
22920
62978
75780
72075
92867
40477
16124
41827
81941
93389
33143
51384
77016
28051
20500
27454
60731
5856
12014
21732
47577
97824
87676
19255
90798
7875
84135
94231
752
6424
75193
40828
75720
67660
41331
8913
86334
22385
1959
35512
54724
56906
26210
11943
51774
45747
60826
38869
82744
63573
51711
91626
87457
61233
29930
79561
20020
75033
42855
95606
36006
58431
77881
89758
5091
10137
88268
38149
31232
37143
47575
36885
31507
14441
78937
18553
59517
33694
21936
4683
10272
11492
3499
35058
90100
97025
49237
19369
7680
47882
4787
7639
16330
26485
31450
14739
64752
5239
42112
90945
98692
5991
1476
58116
44037
68986
70563
40222
28906
7374
48750
96689
8711
26746
5137
76097
51480
60821
24123
84655
43661
81917
21042
33603
92640
53750
29963
27268
38513
90361
10902
9714
43795
88891
62454
2991
95499
29401
44062
66771
51122
86964
80093
71543
10599
53952
2117
70667
10275
81024
43759
82642
74404
61140
747
46817
88776
87219
48671
18659
26104
87939
33907
12155
43473
62304
59569
10509
90496
72679
17243
50617
76123
66286
75527
69238
68641
61807
40430
47245
16011
47991
21994
86118
72394
74951
31041
6419
52243
89626
47168
64978
4390
66575
62787
66347
52524
74541
83570
63453
96680
17794
88806
37359
34906
98417
89009
99651
36867
32687
19758
944
78861
17898
96788
90940
28089
18752
47819
92099
14249
26649
10795
15958
44537
22702
15607
31015
24913
29309
85413
14078
73670
57158
83755
89539
69464
22826
66493
33259
64615
70340
67659
83557
25744
11404
79980
69562
79725
48816
85815
70129
35226
17943
62561
4685
96964
84482
14783
14566
24806
87088
61909
946
5861
3576
77492
62249
98923
29847
97983
11498
93956
8438
46848
47700
30003
59108
42277
69089
31319
91074
96883
29991
39606
50163
25884
75088
71454
66903
64242
78602
45766
78208
45949
43476
7440
68065
33219
99297
89616
658
63617
37513
71115
54277
73543
79714
28771
99781
72959
92444
86830
54953
20935
51348
990
41194
39506
14964
50529
13343
95271
60066
84527
73165
41489
16305
7276
37758
91692
10735
40901
60928
22538
50867
12901
90997
7340
83330
66618
17192
92711
23645
27751
41547
22982
3850
52792
27969
57183
67211
12803
62029
70610
46993
51654
40576
58207
28661
44103
94038
70183
74606
5606
99720
83155
87513
15080
30825
22955
34248
55322
62857
98916
34612
16888
29015
99175
98485
50361
13015
10367
84000
79012
89182
73945
96425
24402
65560
91749
55754
10800
75248
58316
70787
77647
2176
52272
5052
7761
74693
20451
79606
41457
39933
55977
67547
20950
92005
61428
66833
19754
15041
27234
38794
1013
21456
76326
82142
89309
34693
72193
89181
19551
74237
9885
15356
97682
4264
19613
42158
53265
1963
89791
53921
86030
59254
55713
15784
70679
63537
99532
23219
87160
68034
58003
1304
68053
83786
38898
77348
89651
88378
13145
5854
70701
24445
19360
82885
15085
12802
41229
32934
94773
42773
92394
14095
13870
90373
74593
59094
79969
59177
80211
67608
18251
63033
9326
63509
7194
31229
53736
59672
24321
19819
16728
14974
87507
72260
88431
39751
67028
46258
27306
53026
9869
83324
36571
98675
80373
50921
96513
39103
9433
36108
13696
41858
53503
32484
30573
35920
80868
55430
66260
20942
94025
12454
86741
32659
60204
33989
91795
63813
94447
5219
93648
93848
394
77683
53469
55672
45461
57221
44028
5541
92040
3554
88343
86868
46257
9465
90478
68393
66264
97419
36524
90983
21590
66921
52882
32498
5792
42869
29474
83954
30311
56420
95643
57735
35304
41509
72783
59826
91687
60405
37939
25473
51836
37282
47217
36393
41439
78021
45696
67336
83123
45704
74030
2220
50736
33933
58797
70227
9479
5657
24770
65353
70403
31381
11017
95516
92590
39471
37152
83509
51152
40146
88518
86066
8908
75360
53
43648
14311
27209
17109
20092
35800
48874
53142
55469
68172
14732
33675
98481
42421
72870
60415
9961
31615
92175
4853
90742
23443
26568
30574
54087
11478
62871
92814
26954
55408
30746
70547
14046
44164
83447
90067
43731
46968
70584
240
69164
24241
39609
34408
58223
84426
14049
73996
68496
85120
22523
14924
74283
53725
5662
93738
28408
80554
92679
77794
63943
6932
33315
4241
57326
54355
77859
58633
67627
20453
61478
37202
53189
38910
68354
55220
12789
32722
87409
64063
5
19874
95570
63666
83150
10742
14643
99455
73989
45971
53513
87418
96109
93933
742
3726
30160
54275
38467
85761
68567
60936
34781
10130
58451
71931
22788
50436
25076
96962
70685
72209
67837
39179
87906
52247
124
62097
23636
23005
3455
77706
29923
48162
95808
70605
72107
80881
73332
56859
38685
20964
67026
10152
82613
79240
57570
19818
85243
99879
68520
51904
82863
35587
81181
38797
87163
64215
77399
48269
93400
21316
61358
63012
81082
78384
43851
11443
3052
34848
94939
77363
47511
39121
89876
23768
81729
19348
39150
90939
15252
62014
79450
75113
67506
53876
28582
13630
98388
25316
39802
16849
45983
3697
56460
25394
54204
87758
99199
30819
91582
94156
87535
30656
13557
16268
98063
21237
72403
62445
40227
53443
46779
77401
25254
30222
53684
18338
79057
98004
57723
32994
25501
45098
68406
76586
19565
49688
66113
56774
4085
14995
63834
94187
7991
24648
75348
62205
91305
58487
37201
52382
44368
77631
53754
88990
83223
46820
16348
49948
80842
38548
99915
88925
82052
27762
26147
1633
3996
3806
98596
9883
96847
15890
34622
53193
4852
75433
61748
64343
31668
60273
48894
15053
85510
84034
88053
1729
32139
91843
1277
72453
38564
25975
57451
96678
84232
83843
92859
62251
22842
29339
61474
34563
49486
46430
36784
45990
69445
61276
16710
31845
55745
30314
36309
66444
49291
9024
83291
61263
29262
6309
24624
356
22499
95362
92133
10727
76794
30020
59939
86811
27302
45488
20078
6208
60157
315
77315
67749
9909
58490
22964
93434
52856
89002
48687
15508
89378
3057
22022
11693
65662
7130
84093
90469
61792
53403
76743
9145
54274
37461
56515
3208
83659
68874
2179
92527
32744
59026
60934
68205
44157
1436
90890
54315
63262
14026
40822
45282
42008
83934
90070
32396
50337
60099
63423
15933
19863
44914
2452
48303
6664
35877
43099
13857
71622
46951
89445
54248
31002
39551
7179
30229
18194
10820
99237
1789
39193
28417
58858
49351
7654
47702
83169
44248
95097
54221
6202
78787
32851
76350
59040
89214
31116
35275
89959
97775
57363
97334
55048
77085
99255
34066
51771
86104
86055
85434
92080
135
23151
48840
73160
77495
41400
53687
88779
31502
51167
38158
1268
96449
71394
57797
33314
44707
94324
84518
8319
34761
47680
50633
34877
3235
4930
65187
68012
8878
3860
85458
51748
1105
89016
1081
58958
30488
53593
67388
28438
82780
59546
49917
53059
24819
27493
61496
35980
20363
6661
36956
93586
75286
59202
19576
60781
44527
30577
60879
64741
49870
7683
84050
21044
50950
55539
43237
80823
31346
51069
89950
89296
84523
4682
49724
60980
30935
65262
73574
28457
30571
8392
61649
41652
19832
6174
86928
31757
6968
76683
7907
73111
36436
86308
2262
83084
34194
75800
43211
72990
51915
12761
62790
25429
58184
26615
57540
52469
47655
87340
28914
79070
57638
94956
11923
92542
24495
56962
52132
76007
15305
2406
82172
21136
6994
84708
62483
68714
3776
24691
40716
76943
47639
48615
59463
48704
89852
90171
52509
75939
45856
98703
60719
3844
14317
39303
24055
64125
30120
20666
97069
39709
50061
93523
53547
70930
50828
53165
14808
34659
29936
38870
60479
12837
3328
92117
2345
19546
17795
47898
18898
41753
49904
6631
35669
49044
60882
72060
42340
30264
49315
70095
2402
30972
85762
41916
66134
9164
29379
81102
44729
95979
62904
18971
60635
81491
37012
61033
37978
86650
64545
2196
77357
97129
17487
76722
15148
28672
20481
21844
27827
70255
83675
49963
73818
61060
24732
51664
82992
13476
3380
99042
61879
15295
68157
71378
74247
46670
96309
14055
10067
74749
35987
39515
91654
21634
29115
17146
38989
3370
92601
23244
11934
89448
57999
38342
57260
84086
95332
47682
73649
3821
89781
98039
50089
51308
92126
39521
46882
79836
95695
80415
47608
52342
80115
96092
91312
15059
13665
77110
91811
91284
53298
41529
30073
22765
91091
54118
26703
79017
70718
68800
38288
77433
89359
3055
98914
85216
19996
91776
85339
43403
80433
79851
93667
10818
11981
25575
62505
85890
84362
31323
83708
48381
76138
80843
75363
69764
94409
38639
27089
46947
17591
67966
48203
16735
24412
54533
71811
63277
62528
14176
1487
71527
80364
17855
93743
59687
98507
15034
43157
81482
36876
94954
91396
51926
24586
24370
5092
72843
39393
95095
82878
32703
40461
47943
50693
26842
5391
35286
40618
30111
58555
56583
46680
44396
38863
75071
86614
83458
54975
84372
29494
43277
11582
50674
66548
37001
67202
28983
73627
41743
75264
64217
69606
29014
21817
16636
30176
53854
54484
4208
8033
28830
52781
79842
11738
82667
19143
10209
8726
65619
78589
52394
96944
5652
17413
9582
12535
67601
8340
94084
81392
40019
318
22343
82601
2451
45694
72170
33311
589
98603
60358
81701
25619
407
45839
37248
27543
47492
14653
10716
76853
93384
5478
39861
3011
85981
39141
90641
80239
94484
46389
17992
71096
79654
23940
70977
59804
83241
39743
86639
12856
82815
41782
14394
97883
64524
96257
52938
57778
52270
40198
21696
31172
78466
64021
99372
17063
15723
61531
71192
77775
67935
1358
78276
81163
54716
23320
90586
8057
17258
69877
83785
97715
53475
67782
63897
22238
17919
15087
8780
24351
33815
91696
22423
66394
5747
84430
60903
90705
39012
41870
61800
7188
46364
39947
92646
21117
39585
95144
2133
2571
25137
98239
1208
44004
70262
36369
53630
81265
81558
79213
94269
49801
51160
74748
15362
10193
714
59226
17472
6298
54387
26912
51485
96027
73999
3629
86346
50197
61077
5118
19584
10759
46266
8593
937
36897
48019
57455
41781
70343
10898
5706
56120
60221
62780
35449
2423
5595
87949
62214
43112
91206
44683
92391
2647
82226
45049
53766
16403
60711
58481
15109
28198
78273
25559
19029
79887
20900
